<TICKER>,<PER>,<DTYYYYMMDD>,<TIME>,<OPEN>,<HIGH>,<LOW>,<CLOSE>,<VOL>,<OPENINT>
GC,I,20250107,000500,2647.1,2647.1,2645.8,2646.0,145,0
GC,I,20250107,001000,2646.0,2646.7,2646.0,2646.2,101,0
GC,I,20250107,001500,2646.5,2646.5,2646.2,2646.2,47,0
GC,I,20250107,002000,2646.1,2646.1,2645.5,2645.6,70,0
GC,I,20250107,002500,2645.6,2646.1,2645.5,2645.8,87,0
GC,I,20250107,003000,2645.8,2645.9,2645.6,2645.6,24,0
GC,I,20250107,003500,2645.6,2645.6,2644.9,2645.0,91,0
GC,I,20250107,004000,2645.0,2645.5,2644.9,2645.4,75,0
GC,I,20250107,004500,2645.2,2645.5,2644.9,2645.1,61,0
GC,I,20250107,005000,2645.1,2645.1,2644.4,2644.4,56,0
GC,I,20250107,005500,2644.5,2645.8,2644.4,2645.6,97,0
GC,I,20250107,010000,2645.7,2645.7,2644.9,2645.1,176,0
GC,I,20250107,010500,2645.3,2645.7,2645.0,2645.0,91,0
GC,I,20250107,011000,2645.0,2645.2,2644.6,2644.6,39,0
GC,I,20250107,011500,2644.5,2645.3,2644.5,2645.0,70,0
GC,I,20250107,012000,2645.1,2645.1,2644.3,2644.4,52,0
GC,I,20250107,012500,2644.5,2644.5,2643.7,2643.9,197,0
GC,I,20250107,013000,2644.0,2644.3,2643.8,2643.8,82,0
GC,I,20250107,013500,2643.8,2644.7,2643.5,2644.5,89,0
GC,I,20250107,014000,2644.6,2644.6,2644.0,2644.1,107,0
GC,I,20250107,014500,2644.1,2644.9,2644.0,2644.3,86,0
GC,I,20250107,015000,2644.2,2645.8,2644.1,2645.5,296,0
GC,I,20250107,015500,2645.5,2646.0,2645.5,2645.6,84,0
GC,I,20250107,020000,2645.6,2646.4,2645.2,2646.3,101,0
GC,I,20250107,020500,2646.2,2649.5,2646.0,2647.5,937,0
GC,I,20250107,021000,2647.5,2647.9,2646.3,2647.7,191,0
GC,I,20250107,021500,2647.4,2648.7,2647.0,2648.2,189,0
GC,I,20250107,022000,2648.3,2648.6,2646.7,2647.4,239,0
GC,I,20250107,022500,2647.5,2650.4,2647.4,2650.0,385,0
GC,I,20250107,023000,2650.2,2650.2,2647.9,2648.5,786,0
GC,I,20250107,023500,2648.5,2649.3,2647.5,2648.5,464,0
GC,I,20250107,024000,2648.5,2649.9,2648.2,2649.7,449,0
GC,I,20250107,024500,2649.9,2650.4,2648.2,2649.4,270,0
GC,I,20250107,025000,2649.5,2651.5,2649.2,2651.2,342,0
GC,I,20250107,025500,2651.2,2652.1,2650.4,2651.2,296,0
GC,I,20250107,030000,2651.3,2651.3,2650.0,2650.1,172,0
GC,I,20250107,030500,2650.0,2651.2,2650.0,2650.3,166,0
GC,I,20250107,031000,2650.1,2650.2,2648.9,2649.6,168,0
GC,I,20250107,031500,2649.6,2649.6,2648.7,2648.9,83,0
GC,I,20250107,032000,2648.8,2649.6,2648.3,2649.2,108,0
GC,I,20250107,032500,2649.2,2649.2,2648.0,2648.0,111,0
GC,I,20250107,033000,2648.0,2649.2,2647.8,2648.9,78,0
GC,I,20250107,033500,2648.8,2649.1,2647.7,2647.7,129,0
GC,I,20250107,034000,2647.7,2648.8,2647.4,2648.8,111,0
GC,I,20250107,034500,2648.7,2648.7,2648.2,2648.4,76,0
GC,I,20250107,035000,2648.4,2649.5,2647.8,2649.2,114,0
GC,I,20250107,035500,2649.3,2649.3,2648.3,2649.3,87,0
GC,I,20250107,040000,2649.2,2650.2,2648.4,2648.8,489,0
GC,I,20250107,040500,2648.8,2648.8,2647.7,2648.5,162,0
GC,I,20250107,041000,2648.3,2648.3,2647.6,2648.1,124,0
GC,I,20250107,041500,2648.0,2649.2,2648.0,2649.0,120,0
GC,I,20250107,042000,2649.1,2649.6,2648.9,2649.5,110,0
GC,I,20250107,042500,2649.5,2649.7,2649.2,2649.5,39,0
GC,I,20250107,043000,2649.6,2650.0,2649.1,2649.4,110,0
GC,I,20250107,043500,2649.2,2650.7,2649.2,2650.0,155,0
GC,I,20250107,044000,2650.0,2650.5,2649.5,2650.0,74,0
GC,I,20250107,044500,2650.0,2650.9,2649.9,2650.1,168,0
GC,I,20250107,045000,2650.0,2650.2,2649.4,2649.7,66,0
GC,I,20250107,045500,2649.8,2649.9,2649.4,2649.6,54,0
GC,I,20250107,050000,2649.6,2650.7,2649.3,2650.7,91,0
GC,I,20250107,050500,2650.5,2650.5,2649.6,2650.3,59,0
GC,I,20250107,051000,2650.3,2650.7,2649.6,2649.6,90,0
GC,I,20250107,051500,2649.5,2650.0,2649.4,2649.7,84,0
GC,I,20250107,052000,2649.6,2650.3,2649.6,2649.6,60,0
GC,I,20250107,052500,2649.7,2649.9,2648.6,2649.0,112,0
GC,I,20250107,053000,2649.1,2649.2,2648.3,2649.0,165,0
GC,I,20250107,053500,2649.1,2649.4,2648.9,2649.0,50,0
GC,I,20250107,054000,2649.1,2649.5,2648.8,2648.9,61,0
GC,I,20250107,054500,2648.9,2649.2,2648.6,2648.6,60,0
GC,I,20250107,055000,2648.7,2649.2,2648.7,2648.9,99,0
GC,I,20250107,055500,2648.7,2650.4,2648.7,2649.9,228,0
GC,I,20250107,060000,2649.9,2649.9,2648.6,2648.9,109,0
GC,I,20250107,060500,2648.9,2649.1,2647.7,2649.1,142,0
GC,I,20250107,061000,2648.8,2649.6,2648.8,2649.5,76,0
GC,I,20250107,061500,2649.4,2649.9,2649.3,2649.8,63,0
GC,I,20250107,062000,2649.6,2651.4,2649.6,2651.1,180,0
GC,I,20250107,062500,2651.1,2654.3,2651.0,2653.7,783,0
GC,I,20250107,063000,2653.6,2654.3,2652.8,2653.7,276,0
GC,I,20250107,063500,2653.8,2655.0,2653.3,2654.4,430,0
GC,I,20250107,064000,2654.2,2656.2,2654.0,2655.6,405,0
GC,I,20250107,064500,2655.8,2655.8,2654.4,2654.7,150,0
GC,I,20250107,065000,2654.9,2655.4,2654.8,2655.0,84,0
GC,I,20250107,065500,2654.8,2655.4,2654.3,2655.3,141,0
GC,I,20250107,070000,2655.2,2655.2,2654.0,2654.9,230,0
GC,I,20250107,070500,2654.9,2656.3,2654.5,2655.5,291,0
GC,I,20250107,071000,2655.7,2657.6,2655.7,2657.2,496,0
GC,I,20250107,071500,2657.3,2657.5,2656.1,2656.3,217,0
GC,I,20250107,072000,2656.3,2656.8,2656.0,2656.2,210,0
GC,I,20250107,072500,2656.1,2656.4,2654.5,2654.7,466,0
GC,I,20250107,073000,2656.4,2656.9,2656.4,2656.6,140,0
GC,I,20250107,073500,2656.9,2657.4,2656.3,2657.1,380,0
GC,I,20250107,074000,2657.1,2657.2,2654.9,2654.9,415,0
GC,I,20250107,074500,2654.8,2655.7,2654.3,2655.1,173,0
GC,I,20250107,075000,2655.1,2655.3,2653.4,2653.5,298,0
GC,I,20250107,075500,2653.5,2653.6,2652.3,2652.9,393,0
GC,I,20250107,080000,2653.0,2653.3,2651.7,2652.1,485,0
GC,I,20250107,080500,2652.0,2653.5,2651.6,2653.5,321,0
GC,I,20250107,081000,2653.5,2653.7,2652.7,2653.3,109,0
GC,I,20250107,081500,2653.2,2653.3,2651.5,2651.5,115,0
GC,I,20250107,082000,2651.5,2652.2,2651.2,2652.1,142,0
GC,I,20250107,082500,2652.3,2652.7,2650.8,2651.2,175,0
GC,I,20250107,083000,2651.3,2652.0,2651.0,2651.9,88,0
GC,I,20250107,083500,2652.0,2652.7,2651.5,2651.5,258,0
GC,I,20250107,084000,2651.5,2651.5,2650.8,2651.3,189,0
GC,I,20250107,084500,2651.2,2651.4,2650.3,2650.8,197,0
GC,I,20250107,085000,2650.6,2651.0,2650.2,2650.5,117,0
GC,I,20250107,085500,2650.5,2651.0,2649.7,2650.0,134,0
GC,I,20250107,090000,2650.1,2652.3,2650.0,2652.2,184,0
GC,I,20250107,090500,2652.1,2655.8,2651.7,2655.3,1379,0
GC,I,20250107,091000,2655.3,2655.3,2652.9,2653.1,316,0
GC,I,20250107,091500,2653.0,2654.8,2653.0,2654.6,441,0
GC,I,20250107,092000,2654.6,2656.2,2654.5,2655.2,326,0
GC,I,20250107,092500,2655.2,2656.1,2654.4,2656.0,275,0
GC,I,20250107,093000,2656.1,2656.7,2655.5,2655.8,171,0
GC,I,20250107,093500,2655.9,2656.6,2655.7,2655.9,269,0
GC,I,20250107,094000,2656.1,2656.1,2654.9,2655.0,184,0
GC,I,20250107,094500,2655.0,2655.8,2654.7,2654.7,193,0
GC,I,20250107,095000,2654.7,2655.2,2653.4,2653.5,264,0
GC,I,20250107,095500,2653.5,2653.6,2651.9,2652.2,310,0
GC,I,20250107,100000,2652.1,2653.9,2651.7,2653.8,316,0
GC,I,20250107,100500,2653.8,2654.2,2652.4,2652.7,290,0
GC,I,20250107,101000,2652.7,2653.3,2651.5,2651.6,290,0
GC,I,20250107,101500,2651.6,2652.9,2651.2,2651.6,224,0
GC,I,20250107,102000,2651.4,2652.8,2651.3,2652.3,152,0
GC,I,20250107,102500,2652.2,2652.7,2651.6,2652.6,156,0
GC,I,20250107,103000,2652.7,2655.8,2652.4,2655.7,608,0
GC,I,20250107,103500,2655.6,2655.6,2653.7,2654.2,346,0
GC,I,20250107,104000,2654.1,2654.2,2652.9,2654.1,278,0
GC,I,20250107,104500,2654.1,2654.2,2652.5,2652.9,124,0
GC,I,20250107,105000,2652.7,2653.1,2651.9,2652.2,159,0
GC,I,20250107,105500,2652.5,2654.0,2652.5,2653.2,212,0
GC,I,20250107,110000,2653.0,2653.7,2652.6,2652.9,128,0
GC,I,20250107,110500,2652.8,2653.9,2652.8,2653.3,108,0
GC,I,20250107,111000,2653.5,2655.3,2653.4,2654.8,148,0
GC,I,20250107,111500,2654.7,2655.2,2654.0,2654.6,128,0
GC,I,20250107,112000,2654.4,2655.0,2654.2,2654.8,97,0
GC,I,20250107,112500,2654.7,2655.1,2654.0,2654.1,152,0
GC,I,20250107,113000,2654.1,2654.7,2653.8,2654.2,104,0
GC,I,20250107,113500,2654.3,2656.0,2654.3,2655.0,453,0
GC,I,20250107,114000,2654.9,2656.2,2654.8,2656.2,128,0
GC,I,20250107,114500,2656.3,2656.4,2655.4,2655.4,201,0
GC,I,20250107,115000,2655.4,2655.5,2654.4,2654.9,119,0
GC,I,20250107,115500,2655.0,2655.5,2654.4,2654.9,92,0
GC,I,20250107,120000,2654.9,2655.5,2654.9,2655.4,46,0
GC,I,20250107,120500,2655.4,2656.9,2655.2,2656.8,465,0
GC,I,20250107,121000,2656.8,2658.4,2656.6,2658.0,601,0
GC,I,20250107,121500,2658.0,2658.1,2656.1,2656.3,341,0
GC,I,20250107,122000,2656.2,2656.2,2654.3,2654.6,360,0
GC,I,20250107,122500,2654.8,2655.5,2653.3,2655.3,490,0
GC,I,20250107,123000,2655.5,2656.8,2655.4,2656.8,215,0
GC,I,20250107,123500,2656.7,2656.9,2656.0,2656.8,272,0
GC,I,20250107,124000,2656.6,2656.7,2655.9,2656.1,137,0
GC,I,20250107,124500,2656.2,2658.1,2656.2,2657.8,289,0
GC,I,20250107,125000,2657.9,2659.3,2657.9,2658.4,241,0
GC,I,20250107,125500,2658.3,2659.9,2657.7,2659.4,377,0
GC,I,20250107,130000,2659.3,2659.7,2658.1,2659.6,302,0
GC,I,20250107,130500,2659.7,2660.2,2658.6,2659.5,512,0
GC,I,20250107,131000,2659.6,2662.5,2659.2,2660.9,2039,0
GC,I,20250107,131500,2660.9,2661.8,2659.0,2659.7,701,0
GC,I,20250107,132000,2659.6,2660.9,2658.7,2660.8,369,0
GC,I,20250107,132500,2660.9,2661.0,2659.6,2660.1,267,0
GC,I,20250107,133000,2660.1,2660.8,2659.7,2660.0,300,0
GC,I,20250107,133500,2660.1,2660.8,2659.8,2660.7,195,0
GC,I,20250107,134000,2660.7,2661.0,2659.7,2660.5,339,0
GC,I,20250107,134500,2660.7,2664.4,2660.7,2661.8,2427,0
GC,I,20250107,135000,2661.8,2663.0,2661.1,2662.8,381,0
GC,I,20250107,135500,2662.9,2665.1,2662.9,2663.7,857,0
GC,I,20250107,140000,2663.8,2664.6,2663.3,2663.9,622,0
GC,I,20250107,140500,2663.9,2667.4,2662.1,2665.1,3193,0
GC,I,20250107,141000,2665.1,2665.8,2661.8,2665.0,2158,0
GC,I,20250107,141500,2665.1,2667.4,2665.1,2667.2,1076,0
GC,I,20250107,142000,2667.3,2671.1,2666.5,2671.0,2402,0
GC,I,20250107,142500,2670.9,2675.9,2670.5,2674.0,7162,0
GC,I,20250107,143000,2674.1,2675.1,2672.2,2674.6,2297,0
GC,I,20250107,143500,2674.5,2676.3,2672.0,2672.6,3106,0
GC,I,20250107,144000,2672.6,2675.0,2671.0,2673.3,1699,0
GC,I,20250107,144500,2673.5,2675.0,2673.5,2674.8,1320,0
GC,I,20250107,145000,2674.7,2676.5,2673.6,2674.2,1350,0
GC,I,20250107,145500,2674.1,2677.4,2673.6,2677.0,1605,0
GC,I,20250107,150000,2677.1,2678.5,2675.4,2676.5,1522,0
GC,I,20250107,150500,2676.4,2676.9,2673.4,2673.9,1241,0
GC,I,20250107,151000,2674.1,2674.1,2672.3,2673.4,1106,0
GC,I,20250107,151500,2673.3,2674.9,2671.5,2671.5,1169,0
GC,I,20250107,152000,2671.4,2671.6,2668.4,2670.3,2128,0
GC,I,20250107,152500,2670.3,2673.4,2669.6,2672.6,1004,0
GC,I,20250107,153000,2672.5,2673.5,2671.7,2673.4,563,0
GC,I,20250107,153500,2673.5,2676.0,2673.3,2674.9,1369,0
GC,I,20250107,154000,2675.0,2676.5,2674.6,2675.6,885,0
GC,I,20250107,154500,2675.7,2676.9,2674.8,2675.2,997,0
GC,I,20250107,155000,2675.2,2675.5,2672.6,2673.4,1353,0
GC,I,20250107,155500,2673.3,2674.4,2672.2,2674.3,699,0
GC,I,20250107,160000,2674.3,2674.5,2670.9,2672.5,780,0
GC,I,20250107,160500,2672.0,2672.0,2659.2,2659.6,6507,0
GC,I,20250107,161000,2659.5,2659.6,2653.8,2656.6,4385,0
GC,I,20250107,161500,2656.6,2661.3,2655.9,2660.9,3392,0
GC,I,20250107,162000,2660.8,2663.8,2660.2,2663.6,1663,0
GC,I,20250107,162500,2663.6,2665.6,2662.9,2664.5,1663,0
GC,I,20250107,163000,2664.5,2666.4,2662.7,2664.0,1234,0
GC,I,20250107,163500,2663.9,2664.9,2661.1,2663.6,1202,0
GC,I,20250107,164000,2663.5,2664.4,2657.2,2658.2,1711,0
GC,I,20250107,164500,2658.4,2660.5,2658.2,2659.9,776,0
GC,I,20250107,165000,2659.8,2662.1,2658.5,2662.0,1653,0
GC,I,20250107,165500,2662.2,2663.9,2661.7,2661.7,1021,0
GC,I,20250107,170000,2661.7,2663.4,2660.9,2661.0,689,0
GC,I,20250107,170500,2661.1,2663.3,2659.9,2662.5,1155,0
GC,I,20250107,171000,2662.5,2663.6,2661.0,2663.0,600,0
GC,I,20250107,171500,2662.8,2664.1,2661.5,2661.8,557,0
GC,I,20250107,172000,2661.8,2667.3,2661.5,2667.0,1052,0
GC,I,20250107,172500,2667.1,2667.5,2665.4,2665.8,639,0
GC,I,20250107,173000,2665.4,2665.6,2663.9,2664.1,657,0
GC,I,20250107,173500,2664.0,2666.2,2662.2,2664.1,1086,0
GC,I,20250107,174000,2664.1,2667.5,2663.4,2667.4,662,0
GC,I,20250107,174500,2667.4,2668.5,2666.3,2668.0,818,0
GC,I,20250107,175000,2668.2,2669.5,2667.6,2668.0,709,0
GC,I,20250107,175500,2667.8,2667.9,2665.4,2666.2,369,0
GC,I,20250107,180000,2666.4,2666.7,2664.9,2665.7,452,0
GC,I,20250107,180500,2665.8,2667.4,2665.6,2666.7,448,0
GC,I,20250107,181000,2666.8,2667.8,2666.2,2666.8,382,0
GC,I,20250107,181500,2666.7,2667.2,2666.0,2666.8,314,0
GC,I,20250107,182000,2666.6,2669.5,2666.4,2668.7,439,0
GC,I,20250107,182500,2668.6,2668.6,2665.8,2667.4,663,0
GC,I,20250107,183000,2667.5,2669.1,2667.3,2668.8,501,0
GC,I,20250107,183500,2669.0,2670.4,2667.5,2667.9,691,0
GC,I,20250107,184000,2667.8,2668.2,2666.4,2666.5,567,0
GC,I,20250107,184500,2666.4,2666.7,2665.0,2665.5,621,0
GC,I,20250107,185000,2665.6,2665.7,2664.2,2664.8,543,0
GC,I,20250107,185500,2664.9,2666.3,2664.6,2666.3,318,0
GC,I,20250107,190000,2666.5,2667.0,2666.2,2666.7,255,0
GC,I,20250107,190500,2666.7,2666.8,2664.3,2664.5,372,0
GC,I,20250107,191000,2664.6,2665.9,2664.6,2664.8,256,0
GC,I,20250107,191500,2664.6,2665.2,2663.6,2664.6,380,0
GC,I,20250107,192000,2664.8,2666.6,2664.2,2666.4,487,0
GC,I,20250107,192500,2666.3,2666.6,2664.9,2665.1,425,0
GC,I,20250107,193000,2665.0,2666.1,2664.2,2665.0,1245,0
GC,I,20250107,193500,2665.0,2665.0,2663.2,2663.5,486,0
GC,I,20250107,194000,2663.4,2663.4,2662.2,2663.3,409,0
GC,I,20250107,194500,2663.3,2663.3,2661.8,2662.4,297,0
GC,I,20250107,195000,2662.4,2663.6,2662.4,2662.7,227,0
GC,I,20250107,195500,2662.8,2663.2,2661.8,2661.8,243,0
GC,I,20250107,200000,2661.7,2663.6,2661.5,2663.5,510,0
GC,I,20250107,200500,2663.6,2664.1,2663.0,2663.4,189,0
GC,I,20250107,201000,2663.4,2663.8,2662.9,2663.6,146,0
GC,I,20250107,201500,2663.6,2664.3,2663.4,2663.6,109,0
GC,I,20250107,202000,2663.6,2663.6,2662.2,2662.6,273,0
GC,I,20250107,202500,2662.5,2662.8,2661.3,2661.5,213,0
GC,I,20250107,203000,2661.6,2662.4,2661.4,2662.0,135,0
GC,I,20250107,203500,2662.1,2662.9,2661.8,2662.6,158,0
GC,I,20250107,204000,2662.7,2663.2,2662.3,2662.7,175,0
GC,I,20250107,204500,2662.8,2664.6,2661.9,2664.1,288,0
GC,I,20250107,205000,2664.2,2664.7,2663.9,2664.0,83,0
GC,I,20250107,205500,2664.0,2664.6,2663.6,2663.9,92,0
GC,I,20250107,210000,2664.0,2664.0,2663.4,2663.7,123,0
GC,I,20250107,210500,2663.8,2664.4,2662.6,2662.6,216,0
GC,I,20250107,211000,2662.6,2663.4,2662.6,2662.7,90,0
GC,I,20250107,211500,2662.5,2663.6,2661.8,2663.5,184,0
GC,I,20250107,212000,2663.5,2663.7,2662.6,2663.1,79,0
GC,I,20250107,212500,2663.1,2663.1,2661.9,2662.5,164,0
GC,I,20250107,213000,2662.4,2662.7,2662.3,2662.6,205,0
GC,I,20250107,213500,2662.7,2662.8,2662.0,2662.3,274,0
GC,I,20250107,214000,2662.4,2662.6,2661.6,2662.3,315,0
GC,I,20250107,214500,2662.1,2662.7,2661.6,2662.0,327,0
GC,I,20250107,215000,2661.9,2663.3,2661.8,2663.1,280,0
GC,I,20250107,215500,2663.2,2665.5,2663.2,2665.4,474,0
GC,I,20250107,220000,2665.3,2666.0,2664.4,2664.8,426,0
GC,I,20250107,220500,2664.9,2664.9,2664.3,2664.6,202,0
GC,I,20250107,221000,2664.7,2664.8,2664.5,2664.5,44,0
GC,I,20250107,221500,2664.4,2664.7,2664.3,2664.3,60,0
GC,I,20250107,222000,2664.3,2664.8,2664.1,2664.4,139,0
GC,I,20250107,222500,2664.5,2664.8,2664.4,2664.5,59,0
GC,I,20250107,223000,2664.5,2664.9,2664.5,2664.7,62,0
GC,I,20250107,223500,2664.7,2665.0,2664.7,2664.9,54,0
GC,I,20250107,224000,2664.8,2664.8,2664.3,2664.4,76,0
GC,I,20250107,224500,2664.3,2664.7,2664.3,2664.4,75,0
GC,I,20250107,225000,2664.4,2664.8,2664.2,2664.7,144,0
GC,I,20250107,225500,2664.4,2664.5,2662.4,2662.9,336,0
GC,I,20250107,230000,2663.1,2663.4,2662.9,2663.1,70,0
GC,I,20250108,000500,2662.9,2664.0,2662.7,2663.6,215,0
GC,I,20250108,001000,2663.6,2664.0,2663.2,2663.3,105,0
GC,I,20250108,001500,2663.3,2663.8,2663.1,2663.8,90,0
GC,I,20250108,002000,2663.7,2664.4,2663.1,2663.3,213,0
GC,I,20250108,002500,2663.2,2663.4,2662.8,2663.0,47,0
GC,I,20250108,003000,2663.0,2663.4,2662.9,2663.4,14,0
GC,I,20250108,003500,2663.2,2664.2,2663.2,2664.2,35,0
GC,I,20250108,004000,2664.2,2664.2,2663.5,2664.0,41,0
GC,I,20250108,004500,2663.9,2664.2,2663.6,2663.9,62,0
GC,I,20250108,005000,2663.8,2664.0,2663.3,2664.0,71,0
GC,I,20250108,005500,2664.0,2664.3,2663.5,2663.7,229,0
GC,I,20250108,010000,2663.9,2664.3,2663.5,2663.8,115,0
GC,I,20250108,010500,2663.8,2663.9,2663.1,2663.5,112,0
GC,I,20250108,011000,2663.5,2664.1,2662.8,2663.6,77,0
GC,I,20250108,011500,2663.7,2664.3,2663.5,2663.8,173,0
GC,I,20250108,012000,2663.9,2665.0,2663.9,2664.8,152,0
GC,I,20250108,012500,2664.7,2665.7,2664.5,2665.5,164,0
GC,I,20250108,013000,2665.5,2665.5,2665.0,2665.4,111,0
GC,I,20250108,013500,2665.2,2666.2,2665.2,2665.4,131,0
GC,I,20250108,014000,2665.3,2665.4,2664.7,2665.0,47,0
GC,I,20250108,014500,2664.9,2665.2,2664.6,2665.1,66,0
GC,I,20250108,015000,2665.2,2665.6,2664.9,2665.3,61,0
GC,I,20250108,015500,2665.3,2665.3,2664.4,2664.7,85,0
GC,I,20250108,020000,2664.6,2664.9,2664.0,2664.5,86,0
GC,I,20250108,020500,2664.7,2664.9,2662.1,2662.8,564,0
GC,I,20250108,021000,2662.8,2663.8,2662.3,2663.3,447,0
GC,I,20250108,021500,2663.3,2663.7,2662.5,2662.8,194,0
GC,I,20250108,022000,2662.8,2663.2,2661.8,2662.1,194,0
GC,I,20250108,022500,2662.1,2662.6,2661.6,2662.2,185,0
GC,I,20250108,023000,2662.1,2663.3,2661.9,2662.2,183,0
GC,I,20250108,023500,2662.1,2663.0,2661.7,2662.6,148,0
GC,I,20250108,024000,2662.6,2662.9,2661.6,2662.5,170,0
GC,I,20250108,024500,2662.5,2664.1,2660.7,2662.8,837,0
GC,I,20250108,025000,2663.0,2663.0,2661.7,2661.8,104,0
GC,I,20250108,025500,2661.9,2662.9,2661.7,2662.2,124,0
GC,I,20250108,030000,2662.4,2663.3,2662.4,2662.9,77,0
GC,I,20250108,030500,2662.9,2662.9,2661.3,2662.3,207,0
GC,I,20250108,031000,2662.3,2662.8,2661.9,2662.0,70,0
GC,I,20250108,031500,2662.0,2662.9,2661.5,2662.6,156,0
GC,I,20250108,032000,2662.5,2662.6,2661.9,2661.9,131,0
GC,I,20250108,032500,2662.0,2662.1,2661.6,2661.7,76,0
GC,I,20250108,033000,2661.5,2661.7,2661.2,2661.3,55,0
GC,I,20250108,033500,2661.2,2661.2,2659.4,2660.1,410,0
GC,I,20250108,034000,2660.1,2661.5,2660.0,2660.4,232,0
GC,I,20250108,034500,2660.4,2662.2,2660.3,2662.1,158,0
GC,I,20250108,035000,2662.0,2663.1,2662.0,2662.8,134,0
GC,I,20250108,035500,2662.8,2664.3,2662.6,2663.9,167,0
GC,I,20250108,040000,2663.7,2663.7,2662.9,2662.9,109,0
GC,I,20250108,040500,2662.9,2662.9,2662.2,2662.4,100,0
GC,I,20250108,041000,2662.3,2663.0,2662.2,2662.4,89,0
GC,I,20250108,041500,2662.4,2662.4,2661.0,2661.3,122,0
GC,I,20250108,042000,2661.3,2661.9,2660.8,2661.7,89,0
GC,I,20250108,042500,2661.6,2661.7,2660.7,2661.5,99,0
GC,I,20250108,043000,2661.4,2661.7,2660.4,2660.5,130,0
GC,I,20250108,043500,2660.7,2661.5,2660.4,2660.4,136,0
GC,I,20250108,044000,2660.3,2660.6,2660.0,2660.2,84,0
GC,I,20250108,044500,2660.2,2660.2,2659.3,2659.9,125,0
GC,I,20250108,045000,2660.0,2660.8,2659.9,2660.4,123,0
GC,I,20250108,045500,2660.3,2660.6,2660.1,2660.3,43,0
GC,I,20250108,050000,2660.3,2660.7,2660.1,2660.1,70,0
GC,I,20250108,050500,2660.0,2660.7,2659.9,2660.5,87,0
GC,I,20250108,051000,2660.4,2661.2,2660.4,2661.0,88,0
GC,I,20250108,051500,2661.1,2662.0,2661.1,2661.5,119,0
GC,I,20250108,052000,2661.6,2661.6,2660.7,2660.7,126,0
GC,I,20250108,052500,2660.7,2660.9,2660.3,2660.4,90,0
GC,I,20250108,053000,2660.4,2661.0,2660.4,2661.0,50,0
GC,I,20250108,053500,2661.1,2661.1,2660.8,2660.8,39,0
GC,I,20250108,054000,2660.7,2660.7,2660.0,2660.3,70,0
GC,I,20250108,054500,2660.1,2660.2,2659.2,2659.2,87,0
GC,I,20250108,055000,2659.2,2659.7,2659.2,2659.5,71,0
GC,I,20250108,055500,2659.4,2659.4,2658.4,2658.8,270,0
GC,I,20250108,060000,2658.8,2660.0,2658.7,2660.0,112,0
GC,I,20250108,060500,2660.0,2660.4,2659.8,2660.0,54,0
GC,I,20250108,061000,2659.9,2660.4,2659.7,2660.1,65,0
GC,I,20250108,061500,2660.2,2660.4,2660.0,2660.3,42,0
GC,I,20250108,062000,2660.2,2661.3,2660.0,2661.3,146,0
GC,I,20250108,062500,2661.1,2662.3,2661.0,2662.3,272,0
GC,I,20250108,063000,2662.1,2662.8,2661.9,2662.0,227,0
GC,I,20250108,063500,2662.1,2663.6,2662.1,2662.9,326,0
GC,I,20250108,064000,2662.8,2663.4,2662.0,2662.9,227,0
GC,I,20250108,064500,2663.0,2663.4,2662.6,2662.9,139,0
GC,I,20250108,065000,2663.0,2664.2,2662.7,2663.3,228,0
GC,I,20250108,065500,2663.3,2664.4,2663.3,2663.9,125,0
GC,I,20250108,070000,2663.8,2664.7,2663.7,2664.0,277,0
GC,I,20250108,070500,2664.0,2664.2,2663.1,2663.8,318,0
GC,I,20250108,071000,2663.8,2664.0,2663.2,2663.7,128,0
GC,I,20250108,071500,2663.5,2665.4,2663.5,2665.1,317,0
GC,I,20250108,072000,2665.1,2665.7,2664.6,2665.4,208,0
GC,I,20250108,072500,2665.5,2665.8,2665.2,2665.5,142,0
GC,I,20250108,073000,2666.5,2666.6,2665.5,2665.8,111,0
GC,I,20250108,073500,2665.8,2666.0,2664.3,2664.7,312,0
GC,I,20250108,074000,2664.6,2665.6,2664.3,2665.6,174,0
GC,I,20250108,074500,2665.4,2666.4,2665.4,2666.0,120,0
GC,I,20250108,075000,2666.1,2666.6,2665.6,2666.1,160,0
GC,I,20250108,075500,2666.0,2667.2,2666.0,2666.5,570,0
GC,I,20250108,080000,2666.4,2666.5,2665.8,2666.0,234,0
GC,I,20250108,080500,2666.1,2666.5,2665.7,2666.3,167,0
GC,I,20250108,081000,2666.3,2667.7,2666.1,2667.6,319,0
GC,I,20250108,081500,2667.7,2668.5,2666.9,2667.6,349,0
GC,I,20250108,082000,2667.7,2668.1,2666.7,2666.8,166,0
GC,I,20250108,082500,2666.8,2667.4,2666.3,2667.0,212,0
GC,I,20250108,083000,2666.8,2666.9,2665.9,2666.7,166,0
GC,I,20250108,083500,2666.7,2667.0,2666.0,2666.9,127,0
GC,I,20250108,084000,2666.8,2667.3,2666.3,2667.1,175,0
GC,I,20250108,084500,2667.0,2667.1,2665.5,2665.6,143,0
GC,I,20250108,085000,2665.6,2666.2,2665.4,2665.9,159,0
GC,I,20250108,085500,2666.0,2666.1,2665.5,2665.7,101,0
GC,I,20250108,090000,2665.7,2666.7,2665.7,2666.4,109,0
GC,I,20250108,090500,2666.4,2666.9,2664.8,2665.2,422,0
GC,I,20250108,091000,2665.1,2665.6,2664.0,2664.3,446,0
GC,I,20250108,091500,2664.3,2665.2,2664.2,2664.8,196,0
GC,I,20250108,092000,2664.5,2665.5,2664.1,2665.3,186,0
GC,I,20250108,092500,2665.4,2666.2,2664.2,2664.8,303,0
GC,I,20250108,093000,2664.9,2665.0,2662.9,2663.7,388,0
GC,I,20250108,093500,2663.6,2665.6,2663.2,2664.7,224,0
GC,I,20250108,094000,2664.6,2667.2,2664.4,2667.0,275,0
GC,I,20250108,094500,2666.9,2667.5,2666.4,2666.4,280,0
GC,I,20250108,095000,2666.3,2666.5,2664.8,2664.8,232,0
GC,I,20250108,095500,2664.7,2665.6,2664.6,2664.7,164,0
GC,I,20250108,100000,2664.7,2665.9,2664.5,2665.6,197,0
GC,I,20250108,100500,2665.6,2666.8,2665.5,2666.4,204,0
GC,I,20250108,101000,2666.5,2668.0,2666.4,2667.3,336,0
GC,I,20250108,101500,2667.2,2669.1,2667.0,2667.6,513,0
GC,I,20250108,102000,2667.5,2668.2,2667.1,2667.3,218,0
GC,I,20250108,102500,2667.3,2667.4,2666.7,2667.0,152,0
GC,I,20250108,103000,2667.1,2667.7,2666.8,2667.7,106,0
GC,I,20250108,103500,2667.7,2668.9,2667.6,2667.8,305,0
GC,I,20250108,104000,2668.0,2668.3,2667.3,2667.4,259,0
GC,I,20250108,104500,2667.3,2668.3,2667.1,2668.0,210,0
GC,I,20250108,105000,2668.2,2668.2,2666.3,2666.5,224,0
GC,I,20250108,105500,2666.5,2667.4,2666.3,2667.3,148,0
GC,I,20250108,110000,2667.3,2667.8,2666.6,2667.5,101,0
GC,I,20250108,110500,2667.4,2668.2,2667.3,2667.4,130,0
GC,I,20250108,111000,2667.3,2667.7,2666.5,2666.7,169,0
GC,I,20250108,111500,2666.6,2668.0,2666.5,2667.5,804,0
GC,I,20250108,112000,2667.5,2667.8,2666.5,2667.1,227,0
GC,I,20250108,112500,2667.2,2667.9,2667.0,2667.8,248,0
GC,I,20250108,113000,2667.7,2668.6,2667.5,2668.5,282,0
GC,I,20250108,113500,2668.5,2668.7,2667.4,2668.6,883,0
GC,I,20250108,114000,2668.8,2669.3,2667.8,2668.4,568,0
GC,I,20250108,114500,2668.3,2669.2,2667.6,2668.1,1194,0
GC,I,20250108,115000,2668.2,2668.6,2667.1,2667.6,1182,0
GC,I,20250108,115500,2667.5,2668.0,2666.9,2667.0,177,0
GC,I,20250108,120000,2667.1,2667.6,2666.6,2666.6,165,0
GC,I,20250108,120500,2666.5,2666.7,2665.0,2665.2,293,0
GC,I,20250108,121000,2665.2,2665.9,2664.7,2665.7,299,0
GC,I,20250108,121500,2665.8,2665.8,2664.0,2664.7,194,0
GC,I,20250108,122000,2664.7,2665.4,2664.4,2665.1,198,0
GC,I,20250108,122500,2664.9,2665.3,2664.3,2664.3,178,0
GC,I,20250108,123000,2664.4,2664.6,2661.4,2661.7,773,0
GC,I,20250108,123500,2661.7,2662.3,2660.3,2661.2,1386,0
GC,I,20250108,124000,2661.1,2662.5,2661.1,2661.4,583,0
GC,I,20250108,124500,2661.5,2663.5,2660.8,2663.0,666,0
GC,I,20250108,125000,2663.0,2664.2,2662.8,2662.9,730,0
GC,I,20250108,125500,2662.8,2663.7,2662.5,2663.3,300,0
GC,I,20250108,130000,2663.3,2664.8,2663.1,2664.1,263,0
GC,I,20250108,130500,2664.1,2664.4,2663.1,2663.3,265,0
GC,I,20250108,131000,2663.3,2664.3,2662.7,2664.0,304,0
GC,I,20250108,131500,2664.1,2664.1,2663.0,2663.0,160,0
GC,I,20250108,132000,2663.0,2663.1,2660.6,2660.6,463,0
GC,I,20250108,132500,2660.6,2661.8,2659.0,2659.6,676,0
GC,I,20250108,133000,2659.6,2661.5,2658.9,2660.8,476,0
GC,I,20250108,133500,2660.9,2662.7,2660.1,2662.2,494,0
GC,I,20250108,134000,2662.3,2664.0,2662.2,2663.9,526,0
GC,I,20250108,134500,2664.0,2664.2,2662.7,2663.8,298,0
GC,I,20250108,135000,2663.8,2665.9,2663.8,2665.9,619,0
GC,I,20250108,135500,2665.8,2666.5,2665.1,2665.4,445,0
GC,I,20250108,140000,2665.4,2665.9,2664.8,2665.7,400,0
GC,I,20250108,140500,2665.8,2671.3,2665.4,2670.0,2490,0
GC,I,20250108,141000,2670.0,2671.7,2669.2,2671.5,1128,0
GC,I,20250108,141500,2671.6,2672.1,2669.7,2670.2,860,0
GC,I,20250108,142000,2670.1,2672.6,2669.7,2670.0,1087,0
GC,I,20250108,142500,2670.1,2674.1,2669.1,2673.5,1820,0
GC,I,20250108,143000,2673.6,2673.8,2663.5,2669.8,1910,0
GC,I,20250108,143500,2668.0,2670.9,2666.8,2667.6,1632,0
GC,I,20250108,144000,2667.6,2671.9,2666.2,2669.9,1258,0
GC,I,20250108,144500,2669.9,2672.6,2669.7,2672.2,785,0
GC,I,20250108,145000,2672.1,2673.2,2670.5,2671.2,743,0
GC,I,20250108,145500,2671.2,2672.8,2671.1,2672.6,523,0
GC,I,20250108,150000,2672.6,2674.9,2672.6,2674.8,1134,0
GC,I,20250108,150500,2674.7,2679.7,2674.6,2679.0,3490,0
GC,I,20250108,151000,2679.0,2679.9,2677.0,2677.6,1876,0
GC,I,20250108,151500,2677.6,2680.0,2677.4,2678.0,1449,0
GC,I,20250108,152000,2678.0,2679.1,2675.8,2676.3,1330,0
GC,I,20250108,152500,2676.3,2678.1,2675.8,2678.0,833,0
GC,I,20250108,153000,2678.1,2678.3,2677.0,2677.9,589,0
GC,I,20250108,153500,2677.8,2681.7,2677.6,2680.8,3576,0
GC,I,20250108,154000,2680.9,2683.7,2680.2,2682.5,2468,0
GC,I,20250108,154500,2682.6,2683.9,2680.1,2681.4,1921,0
GC,I,20250108,155000,2681.4,2681.5,2677.7,2681.0,1891,0
GC,I,20250108,155500,2680.9,2682.1,2680.3,2680.6,1153,0
GC,I,20250108,160000,2680.3,2680.6,2676.3,2677.2,1075,0
GC,I,20250108,160500,2677.1,2681.2,2675.0,2680.9,1821,0
GC,I,20250108,161000,2680.8,2681.4,2679.1,2679.9,1233,0
GC,I,20250108,161500,2679.8,2681.0,2678.6,2679.8,659,0
GC,I,20250108,162000,2679.7,2682.0,2679.7,2681.8,909,0
GC,I,20250108,162500,2681.9,2681.9,2678.4,2679.4,878,0
GC,I,20250108,163000,2679.6,2681.1,2678.6,2680.2,442,0
GC,I,20250108,163500,2680.2,2682.8,2679.6,2681.9,1427,0
GC,I,20250108,164000,2681.8,2683.7,2681.6,2682.5,1081,0
GC,I,20250108,164500,2682.5,2683.2,2681.4,2682.2,701,0
GC,I,20250108,165000,2682.0,2682.2,2680.0,2681.5,854,0
GC,I,20250108,165500,2681.5,2682.1,2679.3,2680.1,532,0
GC,I,20250108,170000,2680.0,2681.6,2679.9,2681.5,333,0
GC,I,20250108,170500,2681.3,2682.4,2680.5,2680.9,875,0
GC,I,20250108,171000,2680.8,2681.2,2679.5,2679.5,544,0
GC,I,20250108,171500,2679.6,2680.7,2678.3,2680.3,575,0
GC,I,20250108,172000,2680.3,2681.8,2679.8,2681.2,456,0
GC,I,20250108,172500,2681.2,2683.1,2681.2,2682.5,509,0
GC,I,20250108,173000,2682.6,2682.8,2681.6,2682.3,694,0
GC,I,20250108,173500,2682.2,2682.9,2681.6,2682.2,324,0
GC,I,20250108,174000,2682.1,2682.3,2680.3,2681.7,543,0
GC,I,20250108,174500,2681.8,2684.4,2681.8,2683.5,1063,0
GC,I,20250108,175000,2683.3,2685.8,2683.1,2684.7,998,0
GC,I,20250108,175500,2684.7,2686.5,2684.4,2685.7,1016,0
GC,I,20250108,180000,2685.8,2687.0,2685.5,2686.2,706,0
GC,I,20250108,180500,2686.2,2686.5,2684.8,2685.2,661,0
GC,I,20250108,181000,2685.3,2685.9,2684.1,2685.3,556,0
GC,I,20250108,181500,2685.2,2686.8,2685.1,2686.3,665,0
GC,I,20250108,182000,2686.3,2686.6,2684.7,2685.0,1040,0
GC,I,20250108,182500,2685.0,2685.4,2682.8,2683.4,1046,0
GC,I,20250108,183000,2683.4,2684.0,2679.3,2679.6,1632,0
GC,I,20250108,183500,2679.6,2679.6,2675.8,2677.1,1649,0
GC,I,20250108,184000,2677.0,2677.3,2666.8,2667.6,4178,0
GC,I,20250108,184500,2667.4,2671.0,2665.3,2669.2,2568,0
GC,I,20250108,185000,2669.3,2670.6,2666.5,2667.7,1155,0
GC,I,20250108,185500,2667.7,2670.6,2665.6,2670.6,1555,0
GC,I,20250108,190000,2670.5,2672.7,2670.4,2671.8,1044,0
GC,I,20250108,190500,2671.7,2674.5,2671.1,2674.4,1018,0
GC,I,20250108,191000,2674.4,2675.9,2672.9,2674.4,1321,0
GC,I,20250108,191500,2674.3,2675.8,2671.1,2671.3,803,0
GC,I,20250108,192000,2671.3,2673.4,2671.1,2671.3,564,0
GC,I,20250108,192500,2671.4,2672.6,2670.7,2672.5,681,0
GC,I,20250108,193000,2672.6,2673.8,2671.6,2672.9,2019,0
GC,I,20250108,193500,2672.9,2674.5,2672.3,2673.3,667,0
GC,I,20250108,194000,2673.4,2675.0,2673.4,2674.1,245,0
GC,I,20250108,194500,2674.2,2674.3,2673.2,2673.9,146,0
GC,I,20250108,195000,2673.8,2673.8,2670.4,2670.9,476,0
GC,I,20250108,195500,2670.9,2670.9,2668.2,2669.1,475,0
GC,I,20250108,200000,2669.0,2670.2,2668.9,2669.8,299,0
GC,I,20250108,200500,2670.0,2670.8,2668.9,2670.5,522,0
GC,I,20250108,201000,2670.5,2674.7,2670.4,2674.6,874,0
GC,I,20250108,201500,2674.5,2674.8,2673.1,2673.2,328,0
GC,I,20250108,202000,2673.0,2677.0,2673.0,2676.6,522,0
GC,I,20250108,202500,2676.6,2677.5,2676.5,2677.3,386,0
GC,I,20250108,203000,2677.1,2677.4,2676.1,2677.2,297,0
GC,I,20250108,203500,2677.0,2677.0,2675.3,2675.4,296,0
GC,I,20250108,204000,2675.3,2675.7,2673.1,2674.0,350,0
GC,I,20250108,204500,2673.9,2674.9,2673.9,2674.0,173,0
GC,I,20250108,205000,2673.8,2674.6,2673.1,2674.5,248,0
GC,I,20250108,205500,2674.4,2674.8,2673.6,2674.0,131,0
GC,I,20250108,210000,2674.1,2675.1,2673.7,2674.6,195,0
GC,I,20250108,210500,2674.8,2676.1,2674.7,2675.7,246,0
GC,I,20250108,211000,2675.8,2676.5,2675.5,2675.9,169,0
GC,I,20250108,211500,2676.0,2676.1,2675.1,2675.7,132,0
GC,I,20250108,212000,2675.8,2677.0,2675.7,2676.8,159,0
GC,I,20250108,212500,2676.7,2677.3,2676.2,2676.7,159,0
GC,I,20250108,213000,2676.8,2677.0,2676.1,2676.6,156,0
GC,I,20250108,213500,2676.6,2677.4,2676.3,2676.5,400,0
GC,I,20250108,214000,2676.3,2676.8,2675.9,2676.7,317,0
GC,I,20250108,214500,2676.8,2677.5,2676.6,2677.4,185,0
GC,I,20250108,215000,2677.6,2679.2,2677.3,2679.1,492,0
GC,I,20250108,215500,2679.2,2681.4,2678.9,2681.1,668,0
GC,I,20250108,220000,2681.1,2681.5,2680.0,2680.6,608,0
GC,I,20250108,220500,2680.7,2680.8,2679.4,2680.0,195,0
GC,I,20250108,221000,2680.0,2681.1,2680.0,2680.9,345,0
GC,I,20250108,221500,2681.0,2681.3,2680.0,2680.5,415,0
GC,I,20250108,222000,2680.5,2680.8,2680.4,2680.8,59,0
GC,I,20250108,222500,2680.7,2681.5,2680.6,2681.0,140,0
GC,I,20250108,223000,2680.9,2681.5,2680.9,2681.1,126,0
GC,I,20250108,223500,2681.2,2681.2,2679.6,2679.6,110,0
GC,I,20250108,224000,2679.6,2679.9,2678.9,2679.8,147,0
GC,I,20250108,224500,2679.8,2680.5,2679.8,2680.0,117,0
GC,I,20250108,225000,2680.2,2680.5,2679.7,2679.9,107,0
GC,I,20250108,225500,2679.8,2681.0,2679.6,2679.8,332,0
GC,I,20250108,230000,2679.6,2680.1,2679.4,2680.1,143,0
GC,I,20250109,000500,2679.9,2680.4,2678.5,2679.8,340,0
GC,I,20250109,001000,2680.0,2680.5,2679.6,2679.6,121,0
GC,I,20250109,001500,2679.7,2680.0,2679.5,2680.0,52,0
GC,I,20250109,002000,2679.8,2680.1,2679.5,2679.5,67,0
GC,I,20250109,002500,2679.7,2679.8,2679.5,2679.7,52,0
GC,I,20250109,003000,2679.7,2679.7,2679.6,2679.6,24,0
GC,I,20250109,003500,2679.6,2679.8,2679.1,2679.4,119,0
GC,I,20250109,004000,2679.4,2680.1,2679.3,2679.8,62,0
GC,I,20250109,004500,2679.8,2679.8,2679.3,2679.3,56,0
GC,I,20250109,005000,2679.4,2679.9,2679.2,2679.6,78,0
GC,I,20250109,005500,2679.9,2680.0,2679.0,2679.5,76,0
GC,I,20250109,010000,2679.4,2679.5,2679.1,2679.2,31,0
GC,I,20250109,010500,2679.2,2679.5,2678.6,2678.7,88,0
GC,I,20250109,011000,2678.7,2678.8,2678.2,2678.5,85,0
GC,I,20250109,011500,2678.2,2678.4,2677.4,2677.5,203,0
GC,I,20250109,012000,2677.5,2678.2,2677.5,2677.8,57,0
GC,I,20250109,012500,2677.7,2678.1,2676.9,2677.7,124,0
GC,I,20250109,013000,2677.7,2678.1,2676.8,2677.3,151,0
GC,I,20250109,013500,2677.4,2677.9,2677.0,2677.0,278,0
GC,I,20250109,014000,2677.1,2677.5,2676.9,2677.4,150,0
GC,I,20250109,014500,2677.5,2678.1,2677.1,2677.5,139,0
GC,I,20250109,015000,2677.5,2678.2,2677.2,2677.7,79,0
GC,I,20250109,015500,2677.9,2678.6,2677.7,2677.9,83,0
GC,I,20250109,020000,2678.1,2678.2,2677.0,2677.5,184,0
GC,I,20250109,020500,2677.4,2678.7,2677.2,2677.5,359,0
GC,I,20250109,021000,2677.6,2677.6,2676.2,2676.2,271,0
GC,I,20250109,021500,2676.1,2676.9,2675.2,2676.0,231,0
GC,I,20250109,022000,2675.9,2677.3,2675.8,2677.1,180,0
GC,I,20250109,022500,2677.2,2677.2,2675.9,2676.4,168,0
GC,I,20250109,023000,2676.3,2677.1,2675.6,2675.6,160,0
GC,I,20250109,023500,2675.6,2676.9,2675.0,2676.9,349,0
GC,I,20250109,024000,2676.9,2677.7,2676.6,2676.9,155,0
GC,I,20250109,024500,2676.9,2677.7,2676.8,2676.9,94,0
GC,I,20250109,025000,2677.0,2678.0,2676.0,2678.0,110,0
GC,I,20250109,025500,2678.2,2679.2,2677.5,2677.8,141,0
GC,I,20250109,030000,2677.8,2678.0,2676.4,2676.4,166,0
GC,I,20250109,030500,2676.5,2678.2,2676.5,2676.8,529,0
GC,I,20250109,031000,2676.8,2677.7,2676.6,2676.8,173,0
GC,I,20250109,031500,2676.8,2677.1,2675.9,2676.2,157,0
GC,I,20250109,032000,2676.0,2676.0,2674.7,2675.7,227,0
GC,I,20250109,032500,2675.8,2676.0,2675.2,2675.3,142,0
GC,I,20250109,033000,2675.2,2675.3,2674.3,2674.9,123,0
GC,I,20250109,033500,2674.8,2675.9,2674.7,2675.0,215,0
GC,I,20250109,034000,2675.0,2675.7,2674.5,2675.5,197,0
GC,I,20250109,034500,2675.6,2675.9,2675.0,2675.5,132,0
GC,I,20250109,035000,2675.6,2676.0,2675.0,2675.0,82,0
GC,I,20250109,035500,2674.9,2675.8,2674.6,2675.8,56,0
GC,I,20250109,040000,2675.8,2677.1,2675.6,2677.0,232,0
GC,I,20250109,040500,2677.1,2678.0,2676.8,2677.9,134,0
GC,I,20250109,041000,2678.0,2679.0,2677.8,2678.8,134,0
GC,I,20250109,041500,2678.7,2679.7,2678.4,2678.9,173,0
GC,I,20250109,042000,2679.0,2679.5,2678.0,2678.1,164,0
GC,I,20250109,042500,2678.0,2678.6,2677.8,2678.5,182,0
GC,I,20250109,043000,2678.5,2678.8,2677.9,2678.1,99,0
GC,I,20250109,043500,2678.4,2679.5,2678.2,2679.2,309,0
GC,I,20250109,044000,2679.4,2680.9,2679.4,2680.5,325,0
GC,I,20250109,044500,2680.5,2680.5,2680.0,2680.3,62,0
GC,I,20250109,045000,2680.3,2680.4,2679.0,2679.4,177,0
GC,I,20250109,045500,2679.4,2679.4,2678.2,2678.5,85,0
GC,I,20250109,050000,2678.5,2678.5,2677.8,2678.0,109,0
GC,I,20250109,050500,2678.0,2678.2,2677.0,2677.1,102,0
GC,I,20250109,051000,2677.0,2677.0,2676.5,2676.8,145,0
GC,I,20250109,051500,2676.7,2677.3,2676.2,2677.1,114,0
GC,I,20250109,052000,2677.1,2677.2,2675.9,2676.1,132,0
GC,I,20250109,052500,2676.3,2676.5,2675.3,2675.8,125,0
GC,I,20250109,053000,2675.8,2675.9,2675.3,2675.5,79,0
GC,I,20250109,053500,2675.3,2675.6,2674.5,2674.8,159,0
GC,I,20250109,054000,2674.8,2674.8,2673.7,2674.1,230,0
GC,I,20250109,054500,2674.3,2675.0,2674.2,2674.4,81,0
GC,I,20250109,055000,2674.4,2675.6,2674.2,2675.0,204,0
GC,I,20250109,055500,2675.1,2675.6,2675.1,2675.6,98,0
GC,I,20250109,060000,2675.7,2677.5,2675.6,2677.2,251,0
GC,I,20250109,060500,2677.2,2678.8,2677.2,2678.6,277,0
GC,I,20250109,061000,2678.6,2679.7,2678.2,2679.6,125,0
GC,I,20250109,061500,2679.3,2679.3,2677.9,2678.3,153,0
GC,I,20250109,062000,2678.3,2678.8,2678.0,2678.1,62,0
GC,I,20250109,062500,2678.2,2678.2,2677.3,2677.5,97,0
GC,I,20250109,063000,2677.4,2678.1,2677.1,2677.4,126,0
GC,I,20250109,063500,2677.3,2678.0,2676.6,2677.2,196,0
GC,I,20250109,064000,2677.1,2677.2,2676.0,2676.4,120,0
GC,I,20250109,064500,2676.4,2676.9,2675.5,2676.2,125,0
GC,I,20250109,065000,2676.0,2677.3,2675.8,2677.3,116,0
GC,I,20250109,065500,2677.2,2677.9,2676.8,2677.2,78,0
GC,I,20250109,070000,2677.1,2677.2,2675.2,2676.0,261,0
GC,I,20250109,070500,2676.1,2676.8,2676.0,2676.4,76,0
GC,I,20250109,071000,2676.5,2677.1,2676.4,2676.6,74,0
GC,I,20250109,071500,2676.5,2676.9,2676.0,2676.6,139,0
GC,I,20250109,072000,2676.6,2677.6,2676.3,2676.5,209,0
GC,I,20250109,072500,2676.4,2677.2,2676.2,2676.9,57,0
GC,I,20250109,073000,2677.6,2678.2,2677.5,2678.2,37,0
GC,I,20250109,073500,2678.0,2679.3,2677.8,2679.0,160,0
GC,I,20250109,074000,2679.1,2680.4,2679.0,2680.1,313,0
GC,I,20250109,074500,2680.1,2681.5,2680.0,2680.8,465,0
GC,I,20250109,075000,2680.9,2682.4,2680.7,2681.7,301,0
GC,I,20250109,075500,2681.6,2682.6,2681.2,2682.1,348,0
GC,I,20250109,080000,2682.1,2683.9,2681.7,2683.6,404,0
GC,I,20250109,080500,2683.7,2683.8,2682.0,2682.3,226,0
GC,I,20250109,081000,2682.3,2682.9,2681.6,2682.0,169,0
GC,I,20250109,081500,2682.0,2683.4,2681.7,2682.5,185,0
GC,I,20250109,082000,2682.5,2683.1,2682.2,2682.5,105,0
GC,I,20250109,082500,2682.4,2683.0,2681.7,2682.6,196,0
GC,I,20250109,083000,2682.7,2682.8,2681.7,2682.2,211,0
GC,I,20250109,083500,2682.2,2682.2,2681.0,2681.2,185,0
GC,I,20250109,084000,2681.4,2682.7,2681.2,2682.7,223,0
GC,I,20250109,084500,2682.6,2683.2,2681.8,2682.0,202,0
GC,I,20250109,085000,2682.0,2682.4,2680.7,2680.8,228,0
GC,I,20250109,085500,2680.9,2682.4,2680.4,2680.6,277,0
GC,I,20250109,090000,2680.4,2680.6,2678.8,2678.9,362,0
GC,I,20250109,090500,2678.8,2679.4,2676.9,2677.2,518,0
GC,I,20250109,091000,2677.1,2679.6,2676.9,2678.7,664,0
GC,I,20250109,091500,2678.7,2679.3,2678.1,2678.8,296,0
GC,I,20250109,092000,2678.9,2680.8,2678.4,2680.1,342,0
GC,I,20250109,092500,2680.4,2682.3,2679.8,2681.7,309,0
GC,I,20250109,093000,2681.6,2683.1,2681.5,2682.5,389,0
GC,I,20250109,093500,2682.6,2684.1,2682.3,2684.0,339,0
GC,I,20250109,094000,2684.0,2684.6,2681.4,2681.6,554,0
GC,I,20250109,094500,2681.6,2681.7,2679.1,2679.3,636,0
GC,I,20250109,095000,2679.2,2683.0,2677.7,2682.7,1909,0
GC,I,20250109,095500,2682.8,2683.1,2681.4,2682.2,787,0
GC,I,20250109,100000,2682.2,2682.3,2680.8,2681.4,283,0
GC,I,20250109,100500,2681.5,2682.5,2680.8,2680.8,272,0
GC,I,20250109,101000,2680.7,2681.1,2679.5,2679.5,246,0
GC,I,20250109,101500,2679.4,2680.5,2679.0,2679.6,526,0
GC,I,20250109,102000,2679.4,2681.4,2679.2,2681.1,350,0
GC,I,20250109,102500,2680.9,2681.0,2678.7,2678.9,347,0
GC,I,20250109,103000,2678.9,2680.8,2678.8,2679.9,312,0
GC,I,20250109,103500,2680.1,2681.0,2679.6,2680.4,157,0
GC,I,20250109,104000,2680.3,2680.3,2679.2,2679.9,217,0
GC,I,20250109,104500,2679.9,2682.5,2679.4,2681.9,545,0
GC,I,20250109,105000,2682.2,2682.2,2681.2,2681.4,148,0
GC,I,20250109,105500,2681.7,2682.4,2681.2,2681.4,148,0
GC,I,20250109,110000,2681.6,2681.6,2680.2,2681.1,158,0
GC,I,20250109,110500,2681.0,2681.3,2680.5,2681.1,103,0
GC,I,20250109,111000,2681.1,2681.5,2680.9,2681.3,78,0
GC,I,20250109,111500,2681.3,2682.5,2680.9,2682.3,164,0
GC,I,20250109,112000,2682.2,2682.6,2681.5,2681.7,87,0
GC,I,20250109,112500,2681.6,2682.9,2681.3,2682.0,153,0
GC,I,20250109,113000,2681.9,2682.5,2681.8,2682.3,163,0
GC,I,20250109,113500,2682.3,2682.7,2681.2,2682.3,198,0
GC,I,20250109,114000,2682.4,2684.2,2682.4,2684.0,381,0
GC,I,20250109,114500,2683.9,2684.8,2682.3,2684.5,615,0
GC,I,20250109,115000,2684.4,2684.7,2683.4,2683.8,786,0
GC,I,20250109,115500,2684.0,2684.5,2683.5,2683.7,273,0
GC,I,20250109,120000,2683.7,2683.8,2682.6,2683.3,279,0
GC,I,20250109,120500,2683.3,2685.1,2680.9,2682.6,2096,0
GC,I,20250109,121000,2682.7,2684.4,2682.7,2684.0,462,0
GC,I,20250109,121500,2684.1,2684.5,2682.9,2683.3,268,0
GC,I,20250109,122000,2683.3,2683.5,2682.8,2683.0,230,0
GC,I,20250109,122500,2682.8,2683.2,2682.6,2683.2,162,0
GC,I,20250109,123000,2683.2,2689.6,2683.0,2688.1,4546,0
GC,I,20250109,123500,2688.0,2688.7,2685.5,2687.1,1618,0
GC,I,20250109,124000,2687.2,2687.6,2686.2,2686.4,323,0
GC,I,20250109,124500,2686.5,2687.2,2685.3,2686.2,511,0
GC,I,20250109,125000,2686.1,2690.3,2686.0,2689.3,1184,0
GC,I,20250109,125500,2689.2,2690.7,2688.5,2689.3,867,0
GC,I,20250109,130000,2689.2,2689.4,2687.2,2687.3,457,0
GC,I,20250109,130500,2687.3,2688.9,2686.6,2688.7,424,0
GC,I,20250109,131000,2688.8,2688.8,2687.6,2687.8,282,0
GC,I,20250109,131500,2687.6,2689.1,2687.1,2689.0,410,0
GC,I,20250109,132000,2688.9,2690.0,2688.5,2689.7,326,0
GC,I,20250109,132500,2689.7,2690.2,2689.0,2690.0,451,0
GC,I,20250109,133000,2690.0,2690.0,2689.2,2689.3,439,0
GC,I,20250109,133500,2689.2,2691.6,2688.9,2691.2,576,0
GC,I,20250109,134000,2691.3,2692.0,2690.9,2691.2,622,0
GC,I,20250109,134500,2691.4,2691.8,2689.0,2690.3,747,0
GC,I,20250109,135000,2690.4,2690.8,2689.1,2689.2,203,0
GC,I,20250109,135500,2689.2,2691.7,2688.7,2691.6,359,0
GC,I,20250109,140000,2691.5,2692.8,2690.9,2691.8,770,0
GC,I,20250109,140500,2691.7,2692.4,2690.6,2692.1,703,0
GC,I,20250109,141000,2692.1,2693.1,2690.8,2691.3,538,0
GC,I,20250109,141500,2691.4,2691.9,2690.1,2691.0,679,0
GC,I,20250109,142000,2690.9,2692.8,2690.1,2692.4,625,0
GC,I,20250109,142500,2692.5,2694.2,2692.4,2693.7,1136,0
GC,I,20250109,143000,2693.8,2695.3,2693.0,2693.4,1497,0
GC,I,20250109,143500,2693.4,2695.1,2692.4,2695.1,1121,0
GC,I,20250109,144000,2695.2,2696.8,2694.7,2695.7,1180,0
GC,I,20250109,144500,2695.9,2696.8,2695.1,2696.1,569,0
GC,I,20250109,145000,2696.0,2696.7,2694.2,2694.6,707,0
GC,I,20250109,145500,2694.5,2694.7,2693.3,2693.9,695,0
GC,I,20250109,150000,2693.9,2694.4,2690.8,2691.4,1200,0
GC,I,20250109,150500,2691.3,2691.7,2688.9,2689.3,1009,0
GC,I,20250109,151000,2689.3,2692.5,2689.3,2691.4,911,0
GC,I,20250109,151500,2691.4,2692.1,2690.5,2691.9,368,0
GC,I,20250109,152000,2691.8,2693.0,2690.7,2690.9,513,0
GC,I,20250109,152500,2691.0,2691.1,2688.8,2689.8,672,0
GC,I,20250109,153000,2689.6,2691.6,2686.0,2688.3,1436,0
GC,I,20250109,153500,2688.4,2691.9,2688.4,2691.0,1291,0
GC,I,20250109,154000,2691.0,2693.4,2690.8,2693.0,857,0
GC,I,20250109,154500,2693.2,2693.5,2692.4,2692.5,473,0
GC,I,20250109,155000,2692.6,2693.9,2691.8,2693.8,769,0
GC,I,20250109,155500,2693.9,2695.0,2693.2,2694.5,845,0
GC,I,20250109,160000,2694.4,2694.6,2691.7,2691.9,840,0
GC,I,20250109,160500,2691.8,2694.8,2691.6,2694.3,1242,0
GC,I,20250109,161000,2694.4,2694.7,2690.2,2690.9,1051,0
GC,I,20250109,161500,2690.8,2692.7,2689.3,2691.9,923,0
GC,I,20250109,162000,2692.2,2692.9,2690.6,2690.6,308,0
GC,I,20250109,162500,2690.5,2691.6,2689.5,2691.1,545,0
GC,I,20250109,163000,2691.1,2691.1,2689.6,2690.7,469,0
GC,I,20250109,163500,2690.8,2694.2,2690.7,2692.5,1062,0
GC,I,20250109,164000,2692.6,2693.8,2691.7,2693.4,497,0
GC,I,20250109,164500,2693.4,2693.9,2691.5,2692.1,497,0
GC,I,20250109,165000,2692.0,2692.0,2689.3,2690.9,757,0
GC,I,20250109,165500,2690.8,2690.9,2687.7,2688.3,705,0
GC,I,20250109,170000,2688.4,2689.8,2687.2,2687.5,722,0
GC,I,20250109,170500,2687.5,2688.7,2687.0,2688.2,445,0
GC,I,20250109,171000,2688.1,2688.2,2686.3,2687.8,663,0
GC,I,20250109,171500,2687.8,2689.4,2687.5,2689.3,393,0
GC,I,20250109,172000,2689.3,2690.4,2688.9,2689.9,483,0
GC,I,20250109,172500,2689.8,2690.3,2689.1,2689.1,307,0
GC,I,20250109,173000,2689.3,2689.7,2687.3,2688.0,466,0
GC,I,20250109,173500,2688.0,2688.6,2686.3,2688.4,478,0
GC,I,20250109,174000,2688.3,2688.3,2686.5,2688.1,335,0
GC,I,20250109,174500,2688.2,2689.0,2687.0,2688.8,424,0
GC,I,20250109,175000,2688.8,2689.3,2687.9,2688.9,248,0
GC,I,20250109,175500,2689.0,2689.1,2687.7,2687.9,284,0
GC,I,20250109,180000,2687.9,2688.5,2685.1,2686.7,791,0
GC,I,20250109,180500,2686.5,2687.8,2684.3,2685.0,718,0
GC,I,20250109,181000,2684.9,2685.3,2681.8,2684.1,1412,0
GC,I,20250109,181500,2684.0,2685.5,2684.0,2684.9,639,0
GC,I,20250109,182000,2684.9,2685.5,2684.5,2685.2,430,0
GC,I,20250109,182500,2685.1,2686.6,2685.1,2685.7,351,0
GC,I,20250109,183000,2685.5,2685.5,2683.9,2684.3,448,0
GC,I,20250109,183500,2684.3,2684.4,2683.1,2683.2,422,0
GC,I,20250109,184000,2683.2,2684.3,2682.8,2683.0,410,0
GC,I,20250109,184500,2682.9,2683.3,2682.3,2682.3,409,0
GC,I,20250109,185000,2682.4,2686.4,2682.3,2685.9,502,0
GC,I,20250109,185500,2685.7,2686.2,2684.7,2685.7,295,0
GC,I,20250109,190000,2685.8,2686.1,2685.1,2685.6,209,0
GC,I,20250109,190500,2685.5,2686.1,2684.5,2685.6,205,0
GC,I,20250109,191000,2685.7,2687.3,2685.2,2687.0,467,0
GC,I,20250109,191500,2687.0,2689.2,2686.7,2688.4,695,0
GC,I,20250109,192000,2688.3,2690.9,2688.2,2690.2,936,0
GC,I,20250109,192500,2690.0,2692.0,2689.6,2691.8,985,0
GC,I,20250109,193000,2691.6,2692.6,2689.5,2690.8,2803,0
GC,I,20250109,193500,2690.8,2693.5,2690.6,2692.3,797,0
GC,I,20250109,194000,2692.3,2692.4,2690.6,2690.8,521,0
GC,I,20250109,194500,2690.8,2691.9,2690.8,2691.6,171,0
GC,I,20250109,195000,2691.8,2692.5,2690.8,2691.0,246,0
GC,I,20250109,195500,2690.9,2692.0,2690.7,2691.8,295,0
GC,I,20250109,200000,2691.6,2692.4,2691.2,2692.3,241,0
GC,I,20250109,200500,2692.3,2692.5,2691.4,2691.7,153,0
GC,I,20250109,201000,2691.8,2691.9,2689.7,2690.4,292,0
GC,I,20250109,201500,2690.5,2690.5,2689.7,2689.8,86,0
GC,I,20250109,202000,2689.8,2690.7,2689.6,2690.6,126,0
GC,I,20250109,202500,2690.7,2691.3,2690.3,2690.9,171,0
GC,I,20250109,203000,2690.9,2691.8,2690.6,2691.2,204,0
GC,I,20250109,203500,2691.3,2691.6,2690.9,2691.3,132,0
GC,I,20250109,204000,2691.3,2691.8,2690.2,2690.7,176,0
GC,I,20250109,204500,2690.9,2691.5,2690.8,2691.2,93,0
GC,I,20250109,205000,2691.2,2692.3,2691.0,2691.4,166,0
GC,I,20250109,205500,2691.5,2691.7,2691.1,2691.7,61,0
GC,I,20250109,210000,2691.7,2692.0,2691.2,2691.3,100,0
GC,I,20250109,210500,2691.3,2692.0,2691.3,2691.4,81,0
GC,I,20250109,211000,2691.5,2691.9,2691.3,2691.5,62,0
GC,I,20250109,211500,2691.5,2691.5,2690.9,2691.4,65,0
GC,I,20250109,212000,2691.4,2691.7,2691.3,2691.5,28,0
GC,I,20250109,212500,2691.4,2691.5,2690.6,2691.5,106,0
GC,I,20250109,213000,2691.5,2692.2,2691.4,2691.9,157,0
GC,I,20250109,213500,2691.9,2692.2,2691.7,2691.9,52,0
GC,I,20250109,214000,2692.0,2692.2,2690.8,2691.0,159,0
GC,I,20250109,214500,2691.0,2691.3,2690.7,2690.8,85,0
GC,I,20250109,215000,2690.8,2691.5,2690.7,2691.3,61,0
GC,I,20250109,215500,2691.4,2691.4,2690.8,2691.2,68,0
GC,I,20250109,220000,2691.1,2691.5,2691.0,2691.2,76,0
GC,I,20250109,220500,2691.3,2691.4,2691.0,2691.2,59,0
GC,I,20250109,221000,2691.2,2691.2,2690.7,2690.9,38,0
GC,I,20250109,221500,2691.2,2691.2,2690.8,2690.8,20,0
GC,I,20250109,222000,2690.9,2691.5,2690.9,2691.0,101,0
GC,I,20250109,222500,2691.0,2691.6,2690.9,2691.6,30,0
GC,I,20250109,223000,2691.5,2691.5,2691.3,2691.5,20,0
GC,I,20250109,223500,2691.4,2691.8,2691.4,2691.7,26,0
GC,I,20250109,224000,2691.7,2691.8,2691.4,2691.6,83,0
GC,I,20250109,224500,2691.6,2692.0,2691.2,2691.8,135,0
GC,I,20250109,225000,2692.0,2693.3,2692.0,2692.7,185,0
GC,I,20250109,225500,2692.9,2693.7,2692.8,2692.9,170,0
GC,I,20250109,230000,2692.9,2692.9,2692.2,2692.6,146,0
GC,I,20250110,000500,2692.9,2693.2,2692.2,2692.4,164,0
GC,I,20250110,001000,2692.3,2693.0,2691.8,2692.6,280,0
GC,I,20250110,001500,2692.8,2693.2,2692.6,2693.0,76,0
GC,I,20250110,002000,2693.0,2693.2,2692.8,2693.1,42,0
GC,I,20250110,002500,2693.0,2693.3,2692.7,2692.9,97,0
GC,I,20250110,003000,2693.0,2693.8,2692.9,2693.7,89,0
GC,I,20250110,003500,2693.5,2693.5,2692.6,2693.1,57,0
GC,I,20250110,004000,2693.0,2693.3,2692.6,2692.9,106,0
GC,I,20250110,004500,2692.9,2693.4,2692.9,2693.0,60,0
GC,I,20250110,005000,2692.9,2693.1,2691.9,2692.2,142,0
GC,I,20250110,005500,2692.2,2693.4,2692.2,2693.0,94,0
GC,I,20250110,010000,2693.1,2693.7,2693.1,2693.3,26,0
GC,I,20250110,010500,2693.6,2693.6,2692.9,2693.1,69,0
GC,I,20250110,011000,2693.3,2694.3,2693.1,2693.7,143,0
GC,I,20250110,011500,2693.7,2694.3,2693.1,2693.2,92,0
GC,I,20250110,012000,2693.2,2694.1,2693.2,2693.8,67,0
GC,I,20250110,012500,2693.9,2694.2,2693.4,2693.4,44,0
GC,I,20250110,013000,2693.4,2694.4,2693.1,2694.2,131,0
GC,I,20250110,013500,2694.2,2694.6,2694.0,2694.5,90,0
GC,I,20250110,014000,2694.5,2695.6,2693.9,2694.5,267,0
GC,I,20250110,014500,2694.4,2694.9,2694.1,2694.7,42,0
GC,I,20250110,015000,2694.7,2695.3,2694.5,2695.0,112,0
GC,I,20250110,015500,2695.1,2695.4,2694.5,2695.0,130,0
GC,I,20250110,020000,2695.0,2695.4,2694.6,2695.0,134,0
GC,I,20250110,020500,2695.0,2695.5,2693.7,2695.4,421,0
GC,I,20250110,021000,2695.2,2696.0,2695.1,2695.3,298,0
GC,I,20250110,021500,2695.2,2695.6,2694.2,2694.5,169,0
GC,I,20250110,022000,2694.6,2695.3,2693.8,2695.2,173,0
GC,I,20250110,022500,2695.3,2695.3,2694.3,2695.0,137,0
GC,I,20250110,023000,2695.1,2696.2,2695.1,2695.7,170,0
GC,I,20250110,023500,2695.8,2695.9,2694.9,2695.2,209,0
GC,I,20250110,024000,2695.2,2695.3,2694.0,2694.2,254,0
GC,I,20250110,024500,2694.4,2694.6,2693.5,2694.3,158,0
GC,I,20250110,025000,2694.3,2695.2,2693.6,2693.8,129,0
GC,I,20250110,025500,2693.8,2694.5,2693.5,2694.1,134,0
GC,I,20250110,030000,2694.1,2695.2,2694.1,2694.6,140,0
GC,I,20250110,030500,2694.6,2695.5,2694.5,2694.7,280,0
GC,I,20250110,031000,2694.8,2695.5,2693.8,2694.5,230,0
GC,I,20250110,031500,2694.5,2694.8,2693.8,2694.8,193,0
GC,I,20250110,032000,2694.9,2696.7,2694.9,2696.2,200,0
GC,I,20250110,032500,2696.2,2697.4,2695.6,2697.1,312,0
GC,I,20250110,033000,2697.3,2697.7,2696.7,2696.7,258,0
GC,I,20250110,033500,2696.9,2698.3,2696.9,2697.2,530,0
GC,I,20250110,034000,2697.1,2697.4,2696.0,2696.7,195,0
GC,I,20250110,034500,2696.6,2696.8,2696.0,2696.7,118,0
GC,I,20250110,035000,2696.6,2697.1,2696.0,2696.3,251,0
GC,I,20250110,035500,2696.5,2697.4,2696.3,2697.4,125,0
GC,I,20250110,040000,2697.3,2697.9,2696.6,2696.8,293,0
GC,I,20250110,040500,2696.9,2697.4,2696.3,2696.4,122,0
GC,I,20250110,041000,2696.3,2696.8,2696.0,2696.4,160,0
GC,I,20250110,041500,2696.5,2698.1,2696.3,2697.1,208,0
GC,I,20250110,042000,2697.1,2697.7,2697.0,2697.5,131,0
GC,I,20250110,042500,2697.5,2697.9,2697.2,2697.8,89,0
GC,I,20250110,043000,2697.7,2698.1,2697.3,2698.1,100,0
GC,I,20250110,043500,2698.0,2698.7,2698.0,2698.2,168,0
GC,I,20250110,044000,2698.1,2698.4,2697.8,2697.9,83,0
GC,I,20250110,044500,2697.9,2698.1,2697.5,2698.1,136,0
GC,I,20250110,045000,2698.1,2698.3,2697.2,2697.4,135,0
GC,I,20250110,045500,2697.3,2697.8,2697.3,2697.7,87,0
GC,I,20250110,050000,2697.6,2698.2,2697.2,2697.7,162,0
GC,I,20250110,050500,2697.6,2698.0,2696.8,2696.9,105,0
GC,I,20250110,051000,2696.8,2697.3,2696.3,2697.1,151,0
GC,I,20250110,051500,2697.0,2697.0,2696.5,2696.7,91,0
GC,I,20250110,052000,2696.6,2697.1,2696.1,2697.1,99,0
GC,I,20250110,052500,2697.1,2697.1,2695.9,2696.2,149,0
GC,I,20250110,053000,2696.4,2696.7,2696.1,2696.2,103,0
GC,I,20250110,053500,2696.1,2696.2,2695.6,2695.8,126,0
GC,I,20250110,054000,2695.7,2696.0,2695.3,2695.5,152,0
GC,I,20250110,054500,2695.4,2695.5,2694.9,2695.3,121,0
GC,I,20250110,055000,2695.5,2696.4,2695.3,2696.3,119,0
GC,I,20250110,055500,2696.4,2696.6,2695.8,2696.4,146,0
GC,I,20250110,060000,2696.4,2696.4,2695.6,2695.7,110,0
GC,I,20250110,060500,2695.6,2695.9,2695.4,2695.8,83,0
GC,I,20250110,061000,2695.7,2696.8,2695.7,2696.5,88,0
GC,I,20250110,061500,2696.6,2697.0,2696.5,2696.9,294,0
GC,I,20250110,062000,2697.0,2697.7,2696.9,2697.2,125,0
GC,I,20250110,062500,2697.2,2698.0,2697.0,2697.8,101,0
GC,I,20250110,063000,2697.7,2698.7,2697.6,2698.5,139,0
GC,I,20250110,063500,2698.5,2698.6,2697.4,2697.7,158,0
GC,I,20250110,064000,2697.9,2699.5,2697.5,2699.2,443,0
GC,I,20250110,064500,2699.3,2700.6,2698.9,2700.0,531,0
GC,I,20250110,065000,2700.1,2700.4,2698.9,2699.1,264,0
GC,I,20250110,065500,2698.8,2699.7,2698.7,2699.7,167,0
GC,I,20250110,070000,2699.8,2700.1,2699.4,2699.7,97,0
GC,I,20250110,070500,2699.6,2700.2,2699.2,2699.4,186,0
GC,I,20250110,071000,2699.3,2700.0,2699.3,2699.7,268,0
GC,I,20250110,071500,2699.6,2699.6,2698.7,2699.2,182,0
GC,I,20250110,072000,2699.3,2699.9,2699.1,2699.6,115,0
GC,I,20250110,072500,2699.5,2700.5,2699.2,2700.2,120,0
GC,I,20250110,073000,2700.2,2700.5,2700.2,2700.3,21,0
GC,I,20250110,073500,2700.2,2701.3,2699.8,2701.0,231,0
GC,I,20250110,074000,2701.1,2701.3,2700.4,2700.6,221,0
GC,I,20250110,074500,2700.5,2701.6,2700.2,2700.9,276,0
GC,I,20250110,075000,2701.0,2703.4,2701.0,2701.9,649,0
GC,I,20250110,075500,2701.9,2702.4,2701.6,2702.0,403,0
GC,I,20250110,080000,2701.9,2702.8,2701.6,2702.4,317,0
GC,I,20250110,080500,2702.6,2702.8,2701.8,2702.5,352,0
GC,I,20250110,081000,2702.6,2703.0,2701.3,2701.7,504,0
GC,I,20250110,081500,2701.8,2701.9,2700.0,2700.1,397,0
GC,I,20250110,082000,2700.2,2700.7,2698.1,2700.2,1302,0
GC,I,20250110,082500,2700.4,2701.6,2698.4,2698.5,524,0
GC,I,20250110,083000,2698.3,2701.8,2697.0,2701.7,1378,0
GC,I,20250110,083500,2701.7,2701.8,2698.8,2698.8,904,0
GC,I,20250110,084000,2698.9,2700.1,2698.7,2698.8,225,0
GC,I,20250110,084500,2698.7,2698.7,2697.8,2698.2,226,0
GC,I,20250110,085000,2698.1,2699.3,2697.2,2699.0,342,0
GC,I,20250110,085500,2699.1,2700.0,2699.0,2699.9,150,0
GC,I,20250110,090000,2700.0,2700.5,2699.7,2700.1,170,0
GC,I,20250110,090500,2700.0,2700.9,2699.7,2700.1,352,0
GC,I,20250110,091000,2700.1,2703.6,2699.9,2703.6,971,0
GC,I,20250110,091500,2703.7,2703.8,2701.2,2701.6,452,0
GC,I,20250110,092000,2701.5,2703.0,2701.3,2701.9,418,0
GC,I,20250110,092500,2702.0,2706.1,2702.0,2705.9,878,0
GC,I,20250110,093000,2705.8,2706.3,2704.8,2705.0,686,0
GC,I,20250110,093500,2705.0,2706.7,2705.0,2705.8,559,0
GC,I,20250110,094000,2705.9,2708.3,2705.2,2707.3,696,0
GC,I,20250110,094500,2707.2,2709.0,2706.5,2707.7,1038,0
GC,I,20250110,095000,2707.7,2708.0,2705.8,2706.1,837,0
GC,I,20250110,095500,2706.2,2706.9,2703.9,2704.3,784,0
GC,I,20250110,100000,2704.5,2707.3,2704.3,2706.9,729,0
GC,I,20250110,100500,2706.9,2707.1,2704.3,2704.8,529,0
GC,I,20250110,101000,2704.8,2706.0,2703.9,2705.7,472,0
GC,I,20250110,101500,2706.1,2706.3,2705.3,2706.0,247,0
GC,I,20250110,102000,2706.0,2706.2,2705.1,2705.2,408,0
GC,I,20250110,102500,2705.2,2707.0,2705.1,2706.9,320,0
GC,I,20250110,103000,2706.8,2708.4,2706.4,2706.6,831,0
GC,I,20250110,103500,2706.6,2707.3,2705.7,2706.9,262,0
GC,I,20250110,104000,2706.8,2707.0,2705.3,2705.8,304,0
GC,I,20250110,104500,2705.7,2705.9,2704.2,2704.8,267,0
GC,I,20250110,105000,2704.6,2706.2,2704.5,2705.6,335,0
GC,I,20250110,105500,2705.8,2707.3,2705.8,2706.0,431,0
GC,I,20250110,110000,2706.0,2706.0,2703.9,2704.1,346,0
GC,I,20250110,110500,2704.1,2705.6,2703.6,2705.5,353,0
GC,I,20250110,111000,2705.5,2707.1,2705.5,2706.8,633,0
GC,I,20250110,111500,2706.7,2708.7,2706.3,2707.3,666,0
GC,I,20250110,112000,2707.3,2710.0,2707.3,2709.8,798,0
GC,I,20250110,112500,2709.9,2710.1,2708.7,2709.7,746,0
GC,I,20250110,113000,2709.7,2709.8,2708.3,2709.1,419,0
GC,I,20250110,113500,2709.0,2710.0,2707.6,2709.0,1279,0
GC,I,20250110,114000,2709.0,2709.4,2708.1,2708.1,651,0
GC,I,20250110,114500,2708.1,2708.4,2707.3,2707.5,348,0
GC,I,20250110,115000,2707.4,2708.5,2707.0,2708.1,316,0
GC,I,20250110,115500,2707.9,2708.2,2706.2,2708.1,362,0
GC,I,20250110,120000,2708.1,2709.4,2707.8,2709.2,522,0
GC,I,20250110,120500,2709.0,2709.4,2708.5,2709.1,169,0
GC,I,20250110,121000,2709.3,2710.3,2709.2,2709.3,388,0
GC,I,20250110,121500,2709.3,2710.0,2708.9,2709.6,182,0
GC,I,20250110,122000,2709.5,2710.3,2708.1,2710.1,467,0
GC,I,20250110,122500,2710.2,2710.3,2709.7,2710.2,342,0
GC,I,20250110,123000,2710.2,2710.4,2709.6,2710.0,311,0
GC,I,20250110,123500,2710.0,2711.4,2709.8,2710.8,525,0
GC,I,20250110,124000,2710.9,2711.4,2710.4,2710.9,268,0
GC,I,20250110,124500,2711.0,2711.2,2709.3,2709.5,331,0
GC,I,20250110,125000,2709.6,2710.1,2708.4,2709.3,374,0
GC,I,20250110,125500,2709.3,2710.6,2708.5,2709.0,737,0
GC,I,20250110,130000,2709.0,2710.0,2708.6,2708.7,631,0
GC,I,20250110,130500,2708.7,2708.8,2706.0,2706.2,677,0
GC,I,20250110,131000,2706.3,2707.6,2705.5,2706.6,918,0
GC,I,20250110,131500,2706.6,2707.0,2704.8,2705.7,686,0
GC,I,20250110,132000,2705.8,2706.0,2704.7,2705.8,496,0
GC,I,20250110,132500,2705.9,2706.5,2704.8,2705.5,392,0
GC,I,20250110,133000,2705.6,2705.8,2703.0,2704.0,802,0
GC,I,20250110,133500,2703.9,2704.6,2703.3,2703.6,294,0
GC,I,20250110,134000,2703.7,2704.8,2701.7,2702.4,773,0
GC,I,20250110,134500,2702.4,2704.6,2701.8,2704.4,684,0
GC,I,20250110,135000,2704.4,2707.1,2704.0,2706.9,616,0
GC,I,20250110,135500,2706.8,2707.2,2705.5,2706.0,429,0
GC,I,20250110,140000,2705.9,2706.0,2704.4,2704.9,679,0
GC,I,20250110,140500,2704.9,2704.9,2700.7,2701.3,1882,0
GC,I,20250110,141000,2701.2,2703.5,2700.0,2703.2,1228,0
GC,I,20250110,141500,2703.2,2705.9,2702.8,2705.8,1145,0
GC,I,20250110,142000,2705.8,2706.5,2704.2,2705.2,632,0
GC,I,20250110,142500,2705.2,2707.1,2704.2,2704.4,1526,0
GC,I,20250110,143000,2704.4,2705.2,2702.1,2703.5,1087,0
GC,I,20250110,143500,2703.2,2704.0,2686.9,2689.0,11048,0
GC,I,20250110,144000,2689.0,2697.7,2688.7,2695.7,5432,0
GC,I,20250110,144500,2695.8,2702.0,2693.1,2702.0,3352,0
GC,I,20250110,145000,2701.8,2709.9,2701.2,2709.3,4106,0
GC,I,20250110,145500,2709.1,2709.6,2704.1,2709.3,3458,0
GC,I,20250110,150000,2709.4,2714.3,2709.0,2713.0,3567,0
GC,I,20250110,150500,2713.0,2718.7,2711.5,2718.3,4776,0
GC,I,20250110,151000,2718.5,2719.6,2714.4,2715.5,3256,0
GC,I,20250110,151500,2715.5,2719.9,2714.4,2718.0,1867,0
GC,I,20250110,152000,2717.8,2723.3,2716.8,2721.7,3337,0
GC,I,20250110,152500,2721.7,2724.9,2720.4,2724.9,2387,0
GC,I,20250110,153000,2724.7,2730.4,2724.6,2728.6,4601,0
GC,I,20250110,153500,2728.8,2734.7,2728.6,2734.4,4741,0
GC,I,20250110,154000,2734.2,2735.0,2725.9,2726.7,4475,0
GC,I,20250110,154500,2726.7,2730.1,2724.3,2725.0,2739,0
GC,I,20250110,155000,2725.1,2726.0,2716.6,2722.1,4233,0
GC,I,20250110,155500,2722.2,2726.5,2721.4,2722.9,2425,0
GC,I,20250110,160000,2722.8,2724.6,2721.3,2723.4,1455,0
GC,I,20250110,160500,2723.0,2723.0,2715.5,2721.9,3490,0
GC,I,20250110,161000,2721.9,2725.2,2721.9,2724.6,2546,0
GC,I,20250110,161500,2724.7,2727.0,2723.0,2725.3,2422,0
GC,I,20250110,162000,2725.4,2728.0,2724.9,2726.3,1301,0
GC,I,20250110,162500,2726.1,2727.3,2723.4,2726.1,1880,0
GC,I,20250110,163000,2726.0,2729.2,2725.1,2728.8,1415,0
GC,I,20250110,163500,2728.8,2734.2,2727.8,2733.2,2856,0
GC,I,20250110,164000,2733.3,2733.7,2730.5,2731.6,1418,0
GC,I,20250110,164500,2731.7,2733.6,2728.4,2729.1,1878,0
GC,I,20250110,165000,2729.3,2729.3,2726.8,2727.6,1374,0
GC,I,20250110,165500,2727.5,2728.5,2724.1,2725.7,1713,0
GC,I,20250110,170000,2725.7,2726.2,2718.7,2720.5,2258,0
GC,I,20250110,170500,2720.6,2721.3,2715.5,2717.3,2694,0
GC,I,20250110,171000,2717.1,2719.5,2716.1,2717.9,1582,0
GC,I,20250110,171500,2717.9,2720.3,2715.7,2719.6,1565,0
GC,I,20250110,172000,2719.5,2721.8,2718.1,2719.1,1465,0
GC,I,20250110,172500,2719.1,2721.5,2717.1,2718.5,1162,0
GC,I,20250110,173000,2718.9,2719.9,2717.1,2717.3,609,0
GC,I,20250110,173500,2717.2,2719.1,2715.4,2718.3,1085,0
GC,I,20250110,174000,2718.4,2721.8,2718.4,2720.1,1176,0
GC,I,20250110,174500,2720.3,2723.4,2720.0,2723.0,878,0
GC,I,20250110,175000,2723.0,2727.6,2722.7,2726.9,1801,0
GC,I,20250110,175500,2727.0,2728.8,2726.6,2727.7,1206,0
GC,I,20250110,180000,2727.6,2728.4,2726.6,2727.1,789,0
GC,I,20250110,180500,2727.3,2727.8,2721.1,2721.4,1653,0
GC,I,20250110,181000,2721.6,2723.2,2720.5,2722.2,758,0
GC,I,20250110,181500,2722.3,2724.8,2721.2,2724.6,680,0
GC,I,20250110,182000,2724.5,2726.2,2722.9,2723.3,708,0
GC,I,20250110,182500,2723.2,2724.2,2721.4,2724.2,531,0
GC,I,20250110,183000,2723.9,2724.9,2722.9,2724.6,440,0
GC,I,20250110,183500,2724.6,2728.3,2724.3,2727.2,1140,0
GC,I,20250110,184000,2727.1,2728.6,2726.9,2727.6,870,0
GC,I,20250110,184500,2727.6,2728.7,2726.8,2728.4,738,0
GC,I,20250110,185000,2728.4,2729.4,2727.9,2728.1,702,0
GC,I,20250110,185500,2728.1,2728.1,2726.2,2726.7,721,0
GC,I,20250110,190000,2726.8,2727.4,2725.8,2726.4,538,0
GC,I,20250110,190500,2726.5,2727.7,2724.5,2724.6,730,0
GC,I,20250110,191000,2724.4,2724.5,2722.3,2723.3,1056,0
GC,I,20250110,191500,2723.3,2723.7,2719.8,2720.3,902,0
GC,I,20250110,192000,2720.3,2720.8,2717.0,2717.9,1409,0
GC,I,20250110,192500,2718.0,2718.7,2716.2,2717.8,1345,0
GC,I,20250110,193000,2717.9,2718.0,2713.9,2715.3,3072,0
GC,I,20250110,193500,2715.3,2715.6,2713.3,2714.9,1387,0
GC,I,20250110,194000,2714.8,2715.5,2713.4,2715.5,558,0
GC,I,20250110,194500,2715.5,2715.7,2714.4,2715.6,361,0
GC,I,20250110,195000,2715.6,2715.7,2714.7,2715.4,439,0
GC,I,20250110,195500,2715.4,2715.4,2713.4,2714.7,418,0
GC,I,20250110,200000,2714.9,2717.7,2714.7,2717.4,514,0
GC,I,20250110,200500,2717.5,2717.5,2715.8,2717.1,343,0
GC,I,20250110,201000,2717.0,2717.9,2715.9,2717.1,473,0
GC,I,20250110,201500,2717.1,2718.3,2717.1,2718.0,389,0
GC,I,20250110,202000,2717.9,2719.8,2717.9,2719.5,377,0
GC,I,20250110,202500,2719.5,2720.0,2719.2,2719.5,379,0
GC,I,20250110,203000,2719.4,2719.7,2717.9,2718.3,392,0
GC,I,20250110,203500,2718.3,2718.7,2717.1,2718.0,291,0
GC,I,20250110,204000,2718.1,2719.1,2717.5,2719.0,257,0
GC,I,20250110,204500,2718.8,2719.2,2717.7,2717.8,114,0
GC,I,20250110,205000,2717.7,2717.7,2715.8,2716.2,288,0
GC,I,20250110,205500,2716.0,2717.5,2715.8,2716.7,225,0
GC,I,20250110,210000,2716.6,2717.7,2716.2,2716.3,184,0
GC,I,20250110,210500,2716.3,2716.4,2714.5,2715.0,490,0
GC,I,20250110,211000,2715.1,2717.7,2715.1,2717.7,469,0
GC,I,20250110,211500,2717.6,2717.7,2716.2,2716.9,228,0
GC,I,20250110,212000,2716.8,2717.4,2716.0,2717.0,174,0
GC,I,20250110,212500,2717.1,2717.1,2716.4,2716.6,125,0
GC,I,20250110,213000,2716.8,2717.5,2716.5,2717.3,155,0
GC,I,20250110,213500,2717.2,2717.5,2715.3,2715.6,328,0
GC,I,20250110,214000,2715.6,2716.3,2715.3,2715.6,257,0
GC,I,20250110,214500,2715.6,2716.5,2715.4,2716.3,290,0
GC,I,20250110,215000,2716.3,2716.4,2715.6,2715.9,115,0
GC,I,20250110,215500,2715.8,2716.6,2715.4,2716.6,263,0
GC,I,20250110,220000,2716.5,2717.0,2716.0,2716.7,274,0
GC,I,20250110,220500,2716.6,2719.5,2716.4,2719.3,541,0
GC,I,20250110,221000,2719.3,2720.0,2719.2,2719.8,164,0
GC,I,20250110,221500,2719.9,2720.3,2719.4,2719.8,225,0
GC,I,20250110,222000,2719.5,2719.7,2718.6,2719.0,151,0
GC,I,20250110,222500,2719.0,2719.1,2717.5,2717.5,123,0
GC,I,20250110,223000,2717.6,2717.7,2716.5,2717.5,152,0
GC,I,20250110,223500,2717.5,2717.6,2716.3,2716.6,104,0
GC,I,20250110,224000,2716.4,2716.5,2715.6,2715.7,151,0
GC,I,20250110,224500,2715.8,2716.7,2715.5,2716.0,149,0
GC,I,20250110,225000,2715.9,2716.8,2715.8,2716.7,137,0
GC,I,20250110,225500,2716.9,2717.4,2716.2,2716.5,253,0
GC,I,20250110,230000,2716.6,2717.5,2716.3,2717.4,175,0
